t #0
v 0 149
v 1 100000
v 2 100000
v 3 100000
v 4 100000
v 5 100000
v 6 100000
v 7 100000
v 8 100000
v 9 100000
v 10 100000
v 11 100000
v 12 100000
v 13 100000
v 14 100000
v 15 100000
v 16 100000
v 17 100000
v 18 100000
v 19 100000
v 20 100000
v 21 100000
v 22 100000
v 23 100000
v 24 100000
v 25 100000
v 26 100000
v 27 100000
v 28 100000
v 29 100000
v 30 100000
v 31 100000
v 32 100000
v 33 6
v 34 100000
v 35 100000
v 36 100000
v 37 100000
v 38 100000
v 39 100000
v 40 3
v 41 100000
v 42 100000
v 43 100000
v 44 100000
v 45 100000
v 46 100000
v 47 100000
v 48 100000
v 49 100000
v 50 100000
v 51 100000
v 52 100000
v 53 100000
v 54 100000
v 55 100000
v 56 100000
v 57 100000
v 58 100000
v 59 100000
v 60 100000
v 61 100000
v 62 100000
v 63 100000
v 64 29
v 65 100000
v 66 100000
v 67 100000
v 68 100000
v 69 100000
v 70 100000
v 71 100000
v 72 100000
v 73 100000
v 74 100000
v 75 100000
v 76 100000
v 77 100000
v 78 100000
v 79 100000
v 80 100000
v 81 100000
v 82 100000
v 83 100000
v 84 100000
v 85 100000
v 86 100000
v 87 100000
v 88 100000
v 89 100000
v 90 100000
v 91 100000
v 92 100000
v 93 100000
v 94 100000
v 95 100000
v 96 100000
v 97 100000
v 98 100000
v 99 100000
v 100 100000
v 101 100000
v 102 100000
v 103 100000
v 104 100000
v 105 100000
v 106 100000
v 107 100000
v 108 100000
v 109 100000
v 110 100000
v 111 100000
v 112 100000
v 113 100000
v 114 100000
v 115 100000
v 116 100000
v 117 100000
v 118 100000
v 119 100000
v 120 12
v 121 100000
v 122 10006
v 123 10001
v 124 10001
v 125 10001
v 126 10002
v 127 10002
v 128 10002
v 129 10002
v 130 10002
v 131 10002
v 132 10002
v 133 10002
v 134 10011
v 135 10011
v 136 10002
v 137 10002
v 138 10002
v 139 10001
v 140 10012
v 141 10012
v 142 10001
v 143 10001
v 144 10001
v 145 10001
v 146 10003
v 147 10003
v 148 10002
v 149 10002
v 150 10007
v 151 10008
v 152 10002
v 153 10002
v 154 10013
v 155 10013
v 156 10014
v 157 10014
v 158 10001
v 159 10009
v 160 10001
v 161 10015
v 162 10015
v 163 10016
v 164 10016
v 165 10002
v 166 10010
v 167 10000
v 168 10000
v 169 10001
v 170 10001
v 171 10001
v 172 10001
v 173 10001
v 174 10001
v 175 10001
v 176 10017
v 177 10017
e 0 120 0
e 1 52 0
e 1 53 0
e 1 80 0
e 1 81 0
e 1 110 0
e 1 111 0
e 2 8 0
e 2 17 0
e 2 28 0
e 3 8 0
e 3 16 0
e 3 25 0
e 3 26 0
e 3 38 0
e 4 11 0
e 4 14 0
e 4 22 0
e 4 28 0
e 5 10 0
e 5 15 0
e 5 18 0
e 5 25 0
e 5 64 0
e 5 92 0
e 5 93 0
e 6 9 0
e 6 18 0
e 6 25 0
e 6 64 0
e 6 92 0
e 6 93 0
e 7 9 0
e 7 19 0
e 7 26 0
e 8 38 0
e 8 64 0
e 8 92 0
e 9 10 0
e 9 15 0
e 10 13 0
e 10 106 0
e 11 12 0
e 12 13 0
e 12 106 0
e 13 104 0
e 14 107 0
e 14 108 0
e 14 114 0
e 15 107 0
e 15 109 0
e 15 115 0
e 16 94 0
e 16 97 0
e 16 100 0
e 17 94 0
e 17 97 0
e 17 100 0
e 18 20 0
e 18 135 0
e 19 20 0
e 20 134 0
e 21 24 0
e 21 31 0
e 22 23 0
e 22 30 0
e 23 47 0
e 23 58 0
e 23 75 0
e 23 86 0
e 24 42 0
e 24 48 0
e 24 49 0
e 24 51 0
e 24 59 0
e 24 68 0
e 24 71 0
e 24 76 0
e 24 77 0
e 24 87 0
e 25 27 0
e 25 141 0
e 25 155 0
e 25 157 0
e 25 162 0
e 25 164 0
e 25 176 0
e 26 27 0
e 27 140 0
e 27 154 0
e 27 156 0
e 27 161 0
e 27 163 0
e 27 177 0
e 28 29 0
e 28 41 0
e 28 46 0
e 28 67 0
e 28 74 0
e 29 38 0
e 29 66 0
e 30 31 0
e 31 65 0
e 32 120 0
e 33 35 0
e 33 40 0
e 33 65 0
e 33 93 0
e 34 35 0
e 34 40 0
e 34 65 0
e 34 93 0
e 35 120 0
e 36 37 0
e 36 159 0
e 37 56 0
e 37 84 0
e 37 102 0
e 38 39 0
e 38 39 0
e 39 40 0
e 40 41 0
e 40 42 0
e 40 45 0
e 40 54 0
e 40 120 0
e 41 49 0
e 42 43 0
e 42 44 0
e 45 46 0
e 46 47 0
e 46 48 0
e 46 52 0
e 46 53 0
e 46 56 0
e 46 56 0
e 46 58 0
e 46 59 0
e 49 50 0
e 50 51 0
e 54 55 0
e 55 56 0
e 56 57 0
e 58 60 0
e 58 60 0
e 58 61 0
e 58 61 0
e 59 62 0
e 59 62 0
e 59 63 0
e 59 63 0
e 64 65 0
e 65 66 0
e 65 78 0
e 65 120 0
e 66 67 0
e 66 68 0
e 66 73 0
e 66 82 0
e 66 120 0
e 67 71 0
e 68 69 0
e 68 70 0
e 71 72 0
e 72 77 0
e 73 74 0
e 74 75 0
e 74 76 0
e 74 80 0
e 74 81 0
e 74 84 0
e 74 84 0
e 74 86 0
e 74 87 0
e 78 79 0
e 79 84 0
e 82 83 0
e 83 84 0
e 84 85 0
e 86 88 0
e 86 88 0
e 86 90 0
e 86 90 0
e 87 89 0
e 87 89 0
e 87 91 0
e 87 91 0
e 92 93 0
e 93 94 0
e 93 95 0
e 93 97 0
e 93 104 0
e 93 120 0
e 94 99 0
e 94 100 0
e 95 96 0
e 96 102 0
e 97 98 0
e 98 102 0
e 99 102 0
e 100 101 0
e 101 102 0
e 102 103 0
e 102 112 0
e 104 120 0
e 104 166 0
e 105 106 0
e 106 107 0
e 107 108 0
e 107 109 0
e 107 110 0
e 107 111 0
e 107 112 0
e 107 112 0
e 107 114 0
e 107 115 0
e 112 113 0
e 114 116 0
e 114 116 0
e 114 118 0
e 114 118 0
e 115 117 0
e 115 117 0
e 115 119 0
e 115 119 0
e 122 1 0
e 123 2 0
e 124 3 0
e 125 4 0
e 126 5 0
e 127 6 0
e 128 7 0
e 129 10 0
e 129 15 0
e 130 11 0
e 130 14 0
e 131 12 0
e 131 15 0
e 131 104 0
e 131 105 0
e 131 106 0
e 131 108 0
e 131 109 0
e 131 110 0
e 131 111 0
e 131 112 0
e 131 114 0
e 131 115 0
e 132 12 0
e 132 14 0
e 133 19 0
e 133 26 0
e 133 45 0
e 133 47 0
e 133 48 0
e 133 52 0
e 133 53 0
e 133 56 0
e 133 58 0
e 133 59 0
e 133 73 0
e 133 75 0
e 133 76 0
e 133 80 0
e 133 81 0
e 133 84 0
e 133 86 0
e 133 87 0
e 134 21 0
e 135 21 0
e 136 21 0
e 136 26 0
e 137 22 0
e 137 28 0
e 138 23 0
e 138 28 0
e 138 30 0
e 139 29 0
e 139 41 0
e 139 46 0
e 139 67 0
e 139 74 0
e 140 29 0
e 141 29 0
e 142 29 0
e 142 41 0
e 142 46 0
e 142 67 0
e 142 74 0
e 143 32 0
e 143 33 0
e 143 34 0
e 143 122 0
e 143 150 0
e 143 151 0
e 144 32 0
e 144 33 0
e 144 34 0
e 144 122 0
e 144 150 0
e 144 151 0
e 145 32 0
e 145 33 0
e 145 34 0
e 145 122 0
e 145 150 0
e 145 151 0
e 146 33 0
e 147 33 0
e 148 33 0
e 149 34 0
e 150 35 0
e 150 40 0
e 150 65 0
e 150 93 0
e 151 36 0
e 152 39 0
e 153 40 0
e 153 66 0
e 154 41 0
e 155 41 0
e 156 46 0
e 157 46 0
e 158 56 0
e 158 84 0
e 158 102 0
e 159 56 0
e 159 84 0
e 159 102 0
e 160 59 0
e 160 87 0
e 160 115 0
e 161 67 0
e 162 67 0
e 163 74 0
e 164 74 0
e 165 104 0
e 166 105 0
e 167 120 0
e 168 120 0
e 169 120 0
e 170 120 0
e 171 120 0
e 172 120 0
e 172 120 0
e 173 120 0
e 174 120 0
e 175 120 0

t #1
v 0 103
v 1 2
v 2 12
v 3 100000
v 4 10001
v 5 10001
v 6 10001
v 7 10000
v 8 10000
v 9 10001
e 0 2 0
e 1 2 0
e 4 1 0
e 5 1 0
e 6 1 0
e 7 2 0
e 8 2 0
e 9 2 0

t #2
v 0 100000
v 1 103
v 2 2
v 3 100000
v 4 406
v 5 12
v 6 10000
v 7 10006
v 8 10000
v 9 10004
v 10 10004
v 11 10001
v 12 10007
v 13 10000
v 14 10000
v 15 10000
v 16 10005
v 17 10002
e 0 9 0
e 0 10 0
e 1 5 0
e 2 5 0
e 3 4 0
e 3 5 0
e 4 5 0
e 6 0 0
e 6 11 0
e 7 2 0
e 7 3 0
e 7 12 0
e 8 3 0
e 9 7 0
e 9 16 0
e 10 7 0
e 10 16 0
e 13 7 0
e 13 17 0
e 14 7 0
e 14 17 0
e 15 7 0
e 15 17 0

t #3
v 0 100000
v 1 100000
v 2 100000
v 3 100000
v 4 100000
v 5 100000
v 6 12
v 7 74
v 8 100000
v 9 10000
e 0 2 0
e 0 7 0
e 1 2 0
e 1 7 0
e 2 3 0
e 2 4 0
e 3 7 0
e 4 7 0
e 5 6 0
e 6 7 0
e 9 0 0
e 9 1 0

t #4
v 0 100000
v 1 1
v 2 100000
v 3 10
v 4 100000
v 5 100000
v 6 1327
v 7 12
v 8 10001
v 9 10001
v 10 10001
v 11 10001
v 12 10000
v 13 10000
v 14 10001
e 0 3 0
e 1 4 0
e 2 4 0
e 3 4 0
e 6 7 0
e 8 0 0
e 8 1 0
e 9 0 0
e 9 1 0
e 10 0 0
e 10 1 0
e 11 0 0
e 11 1 0
e 12 7 0
e 13 7 0
e 14 7 0

t #5
v 0 103
v 1 2
v 2 12
v 3 100000
v 4 10000
v 5 10000
v 6 10000
e 0 2 0
e 1 2 0
e 4 1 0
e 5 1 0
e 6 1 0

t #6
v 0 747
v 1 100000
v 2 191
v 3 3
v 4 29
v 5 1849
v 6 115
v 7 100000
v 8 3
v 9 100000
v 10 54
v 11 11
v 12 748
v 13 112
v 14 1634
v 15 12
v 16 100000
v 17 10001
v 18 10007
v 19 10001
v 20 10002
v 21 10001
v 22 10001
v 23 10004
v 24 10003
v 25 10005
v 26 10001
v 27 10001
v 28 10001
v 29 10001
v 30 10001
v 31 10000
v 32 10001
v 33 10009
e 0 15 0
e 3 8 0
e 4 10 0
e 5 11 0
e 6 13 0
e 7 8 0
e 8 9 0
e 8 15 0
e 10 15 0
e 10 33 0
e 11 12 0
e 11 15 0
e 17 1 0
e 18 1 0
e 19 2 0
e 19 4 0
e 20 2 0
e 21 2 0
e 21 4 0
e 21 6 0
e 21 7 0
e 21 10 0
e 22 3 0
e 22 5 0
e 23 3 0
e 24 4 0
e 25 5 0
e 26 8 0
e 26 10 0
e 26 11 0
e 27 8 0
e 27 10 0
e 27 11 0
e 28 8 0
e 29 9 0
e 29 10 0
e 29 12 0
e 30 9 0
e 30 10 0
e 30 12 0
e 31 10 0
e 32 15 0

t #7
v 0 763
v 1 100000
v 2 100000
v 3 2
v 4 100000
v 5 646
v 6 2
v 7 100000
v 8 493
v 9 1
v 10 131
v 11 100000
v 12 100000
v 13 100000
v 14 1
v 15 25
v 16 100000
v 17 59
v 18 12
v 19 10006
v 20 10006
v 21 10002
v 22 10002
v 23 10002
v 24 10003
v 25 10002
v 26 10002
v 27 10005
v 28 10004
v 29 10008
v 30 10009
v 31 10002
v 32 10010
v 33 10000
e 0 18 0
e 1 3 0
e 1 4 0
e 1 5 0
e 2 8 0
e 3 18 0
e 5 6 0
e 5 7 0
e 5 8 0
e 5 18 0
e 6 18 0
e 8 9 0
e 9 13 0
e 9 18 0
e 9 29 0
e 9 30 0
e 10 18 0
e 11 18 0
e 13 16 0
e 13 16 0
e 13 17 0
e 14 32 0
e 19 1 0
e 20 1 0
e 21 2 0
e 21 14 0
e 22 3 0
e 22 4 0
e 22 5 0
e 23 3 0
e 23 4 0
e 23 5 0
e 24 3 0
e 25 3 0
e 25 4 0
e 25 5 0
e 26 3 0
e 26 4 0
e 26 5 0
e 27 4 0
e 28 5 0
e 29 10 0
e 29 11 0
e 29 12 0
e 29 13 0
e 29 15 0
e 30 10 0
e 30 11 0
e 30 12 0
e 30 13 0
e 31 15 0
e 31 16 0
e 31 17 0
e 32 15 0
e 32 16 0
e 32 17 0
e 33 18 0

t #8
v 0 816
v 1 100000
v 2 100000
v 3 1375
v 4 817
v 5 1649
v 6 100000
v 7 818
v 8 18
v 9 257
v 10 100000
v 11 1376
v 12 100000
v 13 165
v 14 819
v 15 1904
v 16 820
v 17 165
v 18 1377
v 19 12
v 20 100000
v 21 10008
v 22 10007
v 23 10008
v 24 10008
v 25 10030
v 26 10001
v 27 10022
v 28 10022
v 29 10032
v 30 10019
v 31 10019
v 32 10036
v 33 10008
v 34 10020
v 35 10020
v 36 10032
v 37 10037
v 38 10037
v 39 10037
v 40 10040
v 41 10041
v 42 10027
v 43 10026
v 44 10038
v 45 10009
v 46 10009
v 47 10043
v 48 10046
v 49 10018
v 50 10017
v 51 10015
v 52 10015
v 53 10012
v 54 10012
v 55 10012
v 56 10012
v 57 10013
v 58 10013
v 59 10013
v 60 10013
v 61 10008
v 62 10047
v 63 10028
v 64 10029
v 65 10031
v 66 10033
v 67 10039
v 68 10042
v 69 10016
v 70 10044
v 71 10001
v 72 10001
v 73 10002
v 74 10002
v 75 10003
v 76 10003
v 77 10004
v 78 10004
v 79 10005
v 80 10005
v 81 10000
v 82 10000
v 83 10001
v 84 10001
v 85 10021
v 86 10021
v 87 10001
v 88 10035
v 89 10006
v 90 10006
v 91 10006
v 92 10001
v 93 10008
v 94 10008
v 95 10009
v 96 10014
v 97 10034
v 98 10034
v 99 10014
v 100 10001
v 101 10014
v 102 10014
v 103 10016
e 0 19 0
e 1 42 0
e 1 43 0
e 2 12 0
e 3 4 0
e 3 5 0
e 3 62 0
e 4 6 0
e 4 63 0
e 5 63 0
e 6 64 0
e 7 47 0
e 7 65 0
e 8 19 0
e 8 66 0
e 9 11 0
e 9 39 0
e 10 11 0
e 10 11 0
e 10 11 0
e 11 12 0
e 11 19 0
e 11 41 0
e 12 40 0
e 12 44 0
e 12 67 0
e 13 17 0
e 14 19 0
e 14 68 0
e 15 19 0
e 15 69 0
e 16 19 0
e 16 48 0
e 16 70 0
e 21 2 0
e 22 3 0
e 23 3 0
e 24 4 0
e 24 5 0
e 25 7 0
e 26 8 0
e 27 8 0
e 28 8 0
e 29 8 0
e 30 9 0
e 31 9 0
e 32 9 0
e 33 10 0
e 34 11 0
e 34 39 0
e 35 11 0
e 35 39 0
e 36 11 0
e 36 39 0
e 37 11 0
e 37 39 0
e 38 11 0
e 38 39 0
e 39 12 0
e 39 41 0
e 40 13 0
e 40 14 0
e 41 13 0
e 41 14 0
e 42 14 0
e 42 15 0
e 43 14 0
e 43 15 0
e 44 15 0
e 45 15 0
e 46 15 0
e 47 16 0
e 48 18 0
e 49 19 0
e 50 19 0
e 51 19 0
e 52 19 0
e 53 19 0
e 54 19 0
e 55 19 0
e 56 19 0
e 57 19 0
e 58 19 0
e 59 19 0
e 60 19 0
e 61 19 0
e 63 25 0
e 65 29 0
e 65 36 0
e 66 97 0
e 66 98 0
e 68 96 0
e 68 99 0
e 69 96 0
e 69 99 0
e 71 26 0
e 71 83 0
e 71 84 0
e 71 87 0
e 71 92 0
e 71 100 0
e 72 26 0
e 72 83 0
e 72 84 0
e 72 87 0
e 72 92 0
e 72 100 0
e 73 26 0
e 73 83 0
e 73 84 0
e 73 87 0
e 73 92 0
e 73 100 0
e 74 26 0
e 74 83 0
e 74 84 0
e 74 87 0
e 74 92 0
e 74 100 0
e 75 26 0
e 75 83 0
e 75 84 0
e 75 87 0
e 75 92 0
e 75 100 0
e 76 26 0
e 76 83 0
e 76 84 0
e 76 87 0
e 76 92 0
e 76 100 0
e 77 26 0
e 77 83 0
e 77 84 0
e 77 87 0
e 77 92 0
e 77 100 0
e 78 26 0
e 78 83 0
e 78 84 0
e 78 87 0
e 78 92 0
e 78 100 0
e 79 26 0
e 79 83 0
e 79 84 0
e 79 87 0
e 79 92 0
e 79 100 0
e 80 26 0
e 80 83 0
e 80 84 0
e 80 87 0
e 80 92 0
e 80 100 0
e 81 26 0
e 81 83 0
e 81 84 0
e 81 87 0
e 81 92 0
e 81 100 0
e 82 26 0
e 82 83 0
e 82 84 0
e 82 87 0
e 82 92 0
e 82 100 0
e 83 27 0
e 83 28 0
e 84 27 0
e 84 28 0
e 85 29 0
e 85 36 0
e 86 29 0
e 86 36 0
e 87 30 0
e 87 31 0
e 88 32 0
e 88 37 0
e 89 32 0
e 89 37 0
e 89 38 0
e 89 87 0
e 89 92 0
e 90 32 0
e 90 37 0
e 90 38 0
e 90 87 0
e 90 92 0
e 91 32 0
e 91 37 0
e 91 38 0
e 91 87 0
e 91 92 0
e 92 34 0
e 92 35 0
e 93 44 0
e 93 45 0
e 93 46 0
e 94 44 0
e 94 45 0
e 94 46 0
e 95 44 0
e 95 45 0
e 95 46 0
e 96 48 0
e 97 88 0
e 98 88 0
e 100 85 0
e 100 86 0
e 101 96 0
e 101 99 0
e 102 96 0
e 102 99 0
e 103 96 0
e 103 99 0

t #9
v 0 1702
v 1 2
v 2 1067
v 3 100000
v 4 100000
v 5 257
v 6 31
v 7 1
v 8 25
v 9 100000
v 10 10001
v 11 10000
e 0 1 0
e 1 2 0
e 1 3 0
e 1 5 0
e 1 6 0
e 3 4 0
e 4 5 0
e 5 6 0
e 6 7 0
e 6 8 0
e 7 9 0
e 8 9 0
e 10 0 0
e 11 1 0

